FromNodeId,ToNodeId
576,1
848,1
973,1
330,4
363,4
394,4
441,4
564,4
568,4
601,4
688,4
714,4
830,4
848,4
912,4
55,5
122,5
170,5
243,5
343,5
472,5
503,5
742,5
830,5
853,5
249,9
268,9
284,9
612,9
52,11
621,12
774,12
670,17
8,20
126,20
170,20
333,20
886,20
102,26
249,26
514,26
612,26
639,26
867,26
52,27
161,27
170,27
243,27
302,27
418,27
814,27
74,28
127,28
576,28
595,28
115,29
74,33
639,33
363,37
472,37
610,37
1,41
5,41
43,41
74,41
236,41
243,41
252,41
268,41
287,41
330,41
363,41
461,41
472,41
503,41
562,41
568,41
576,41
580,41
601,41
612,41
633,41
637,41
657,41
714,41
736,41
742,41
848,41
555,44
567,44
848,44
665,52
767,52
820,52
52,55
117,55
151,55
203,55
248,55
387,55
454,55
462,55
662,55
848,55
868,55
897,55
52,57
291,57
387,57
814,57
848,57
868,57
243,60
298,60
472,60
723,60
64,65
170,65
315,65
610,65
633,65
710,65
830,65
893,65
950,65
595,72
767,72
43,80
8,83
116,83
170,83
333,83
814,83
636,85
13,89
333,89
341,89
967,89
170,95
243,95
313,95
418,95
441,95
472,95
503,95
742,95
830,95
879,95
922,95
995,95
21,96
95,96
122,96
193,96
292,96
350,96
387,96
441,96
577,96
660,96
848,96
898,96
333,98
404,98
406,98
430,98
468,98
819,98
848,98
868,98
967,98
42,99
52,99
103,99
121,99
151,99
252,99
279,99
387,99
404,99
418,99
462,99
463,99
593,99
710,99
985,99
52,100
210,100
116,101
122,101
210,101
248,101
291,101
336,101
599,101
662,101
749,101
819,101
848,101
26,102
268,102
284,102
867,102
52,103
99,103
249,103
418,103
583,103
665,103
749,103
819,103
122,109
151,109
243,109
503,109
803,109
830,109
923,109
26,113
70,113
102,113
252,113
268,113
284,113
392,113
462,113
513,113
612,113
620,113
767,113
867,113
52,117
248,117
279,117
378,117
387,117
418,117
848,117
50,123
199,124
26,127
249,127
462,127
639,127
807,131
52,132
452,132
439,138
170,140
243,140
347,140
418,140
441,140
503,140
879,140
949,140
995,140
26,142
151,142
249,142
282,142
547,142
74,149
302,149
350,154
439,154
472,154
688,154
848,154
912,154
26,156
249,156
576,156
52,158
55,158
121,158
199,158
210,158
236,158
271,158
387,158
455,158
626,158
748,158
814,158
848,158
856,158
55,161
121,161
210,161
387,161
748,161
122,162
241,162
243,162
503,162
540,162
577,162
700,162
787,162
52,166
151,166
343,166
386,166
418,166
734,166
278,170
350,170
441,170
577,170
610,170
723,170
302,174
603,174
610,174
848,174
50,176
868,179
252,184
387,187
557,187
912,187
52,193
291,193
302,193
387,193
562,193
621,193
734,193
774,193
848,193
91,195
161,195
322,195
610,195
633,195
706,195
349,196
439,196
462,196
564,196
576,196
703,196
8,198
52,198
116,198
121,198
533,198
710,198
735,198
762,198
774,198
836,198
937,198
967,198
979,198
19,199
79,199
105,199
116,199
208,199
213,199
215,199
387,199
404,199
418,199
462,199
621,199
735,199
748,199
762,199
807,199
819,199
836,199
907,199
912,199
370,202
74,204
123,204
612,204
703,204
935,204
286,207
122,210
151,210
243,210
322,210
418,210
472,210
503,210
807,210
814,210
848,210
970,210
55,212
121,212
122,212
174,212
243,212
454,212
807,212
814,212
830,212
848,212
853,212
986,212
116,213
199,213
333,213
387,213
418,213
907,213
937,213
387,214
450,214
577,214
998,214
249,221
55,223
121,223
210,223
236,223
386,223
387,223
462,223
521,223
555,223
653,223
662,223
748,223
249,224
1,230
55,230
91,230
95,230
102,230
132,230
151,230
243,230
268,230
282,230
289,230
392,230
454,230
455,230
503,230
505,230
603,230
610,230
696,230
716,230
744,230
767,230
787,230
814,230
848,230
891,230
898,230
912,230
946,230
986,230
64,236
196,236
601,236
610,236
633,236
636,236
710,236
765,236
830,236
848,236
885,236
621,237
193,239
243,239
170,241
243,241
246,241
252,241
287,241
503,241
714,241
729,241
742,241
879,241
912,241
55,243
91,243
121,243
122,243
132,243
137,243
210,243
252,243
282,243
289,243
388,243
404,243
415,243
418,243
452,243
455,243
462,243
472,243
486,243
503,243
521,243
610,243
647,243
703,243
714,243
723,243
767,243
830,243
844,243
848,243
886,243
923,243
221,251
61,252
70,252
150,252
249,252
282,252
392,252
417,252
454,252
462,252
731,252
767,252
824,252
26,255
142,255
30,261
363,261
394,261
503,261
576,261
601,261
723,261
847,261
848,261
912,261
282,263
767,263
767,264
142,268
612,268
767,268
249,269
767,269
74,273
174,273
249,273
562,273
576,273
249,276
282,276
1,278
287,278
350,278
441,278
564,278
633,278
688,278
848,278
248,279
282,279
308,279
387,279
821,279
848,279
52,283
131,283
199,283
378,283
547,283
814,283
836,283
74,284
142,284
268,284
282,284
467,284
495,284
576,284
612,284
639,284
91,285
102,285
196,285
513,285
610,285
763,285
848,285
929,285
241,289
271,289
387,289
417,289
748,289
807,289
856,289
26,290
50,290
74,290
302,290
576,290
767,290
820,290
336,291
621,291
762,291
848,291
131,293
52,294
116,294
387,294
390,294
429,294
430,294
593,294
748,294
762,294
774,294
121,297
387,297
748,297
869,297
995,297
60,300
121,300
123,300
243,300
302,300
386,300
455,300
503,300
714,300
734,300
848,300
986,300
387,303
621,303
249,306
462,306
418,309
1,310
64,310
74,310
123,310
151,310
273,310
289,310
330,310
417,310
576,310
633,310
848,310
901,310
928,310
95,313
193,313
268,313
430,313
480,313
807,313
891,313
986,313
123,316
252,316
249,319
595,319
452,322
503,322
540,322
767,322
772,322
249,325
277,325
284,325
584,325
52,328
91,328
132,328
243,328
298,328
540,328
814,328
822,328
126,333
410,333
429,333
715,333
807,333
1,340
302,340
564,340
122,344
151,344
289,344
387,344
577,344
593,344
610,344
814,344
848,344
912,344
196,349
534,349
576,349
1,350
52,350
170,350
210,350
243,350
282,350
503,350
830,350
848,350
310,357
595,357
249,367
454,367
495,367
580,367
287,368
387,368
610,368
814,368
8,370
116,370
126,370
333,370
715,370
759,370
937,370
252,371
612,371
742,377
52,378
243,378
472,378
814,378
848,378
102,392
249,392
454,392
483,392
612,392
767,392
29,393
252,393
548,393
122,394
170,394
322,394
363,394
441,394
564,394
601,394
636,394
848,394
912,394
8,397
52,397
116,397
257,397
333,397
398,397
762,397
833,397
919,397
8,401
21,402
52,402
101,402
121,402
387,402
398,402
432,402
748,402
749,402
771,402
780,402
836,402
911,402
912,402
249,403
282,403
595,403
116,404
199,404
387,404
418,404
479,404
907,404
52,406
291,406
387,406
814,406
848,406
898,406
13,407
58,407
252,407
268,407
503,407
610,407
879,407
249,411
462,411
483,411
503,415
610,415
853,415
899,415
923,415
249,417
462,417
612,417
710,417
978,417
762,421
967,421
370,428
429,428
203,430
210,430
243,430
343,430
386,430
454,430
547,430
714,430
748,430
787,430
807,430
814,430
816,430
830,430
836,430
387,432
848,432
923,432
30,435
199,435
387,435
748,435
856,435
1,441
50,441
122,441
243,441
472,441
503,441
714,441
742,441
848,441
879,441
923,441
981,441
489,442
945,442
483,444
210,445
472,445
503,445
26,446
74,446
249,446
576,446
52,452
131,452
151,452
243,452
360,452
378,452
418,452
430,452
464,452
472,452
503,452
714,452
767,452
814,452
848,452
986,452
268,454
462,454
505,454
513,454
767,454
831,454
867,454
127,460
710,461
848,461
31,462
60,462
91,462
122,462
151,462
243,462
252,462
387,462
392,462
417,462
418,462
439,462
452,462
454,462
472,462
495,462
676,462
714,462
748,462
836,462
848,462
897,462
264,465
252,467
462,467
612,467
941,467
243,470
18,472
52,472
122,472
243,472
349,472
418,472
441,472
503,472
570,472
582,472
639,472
714,472
742,472
848,472
970,472
183,477
472,477
503,477
636,477
879,477
13,481
44,481
430,481
848,481
229,490
954,490
5,492
13,492
64,492
95,492
252,492
268,492
287,492
330,492
349,492
363,492
378,492
409,492
441,492
454,492
472,492
564,492
601,492
610,492
633,492
688,492
847,492
848,492
912,492
221,495
249,495
282,495
462,495
595,495
74,498
252,498
576,498
74,500
249,500
273,500
454,500
55,503
122,503
193,503
243,503
418,503
452,503
714,503
986,503
199,504
462,505
576,527
734,532
116,538
387,538
454,538
387,542
55,543
387,543
814,543
26,550
74,550
310,550
576,550
19,555
82,555
116,555
161,555
199,555
387,555
418,555
430,555
462,555
577,555
602,555
621,555
692,555
748,555
848,555
885,555
907,555
74,560
151,560
273,560
424,560
577,560
848,560
122,561
217,561
472,561
474,561
636,561
830,561
923,561
105,568
122,568
165,568
177,568
186,568
238,568
387,568
848,568
912,568
610,571
848,571
363,573
610,573
26,576
74,576
142,576
151,576
249,576
268,576
273,576
349,576
500,576
174,577
350,577
610,577
633,577
441,578
810,578
39,582
127,582
552,582
13,585
19,585
42,585
122,585
151,585
210,585
387,585
507,585
593,585
621,585
659,585
848,585
855,585
31,593
42,593
52,593
99,593
130,593
151,593
160,593
252,593
282,593
289,593
378,593
387,593
418,593
514,593
585,593
848,593
249,594
595,594
753,594
28,596
527,596
610,596
848,596
901,596
101,598
398,598
819,598
967,598
116,599
368,599
147,600
52,601
387,601
418,601
654,601
748,601
780,601
868,601
241,603
387,603
455,603
462,603
499,603
585,603
593,603
610,603
649,603
848,603
105,606
116,606
151,606
252,606
387,606
418,606
432,606
462,606
599,606
628,606
694,606
807,606
816,606
848,606
868,606
998,606
64,610
170,610
196,610
252,610
273,610
349,610
350,610
564,610
576,610
633,610
714,610
797,610
830,610
847,610
848,610
807,613
313,614
742,614
44,621
151,621
291,621
292,621
387,621
418,621
585,621
814,621
74,633
556,633
116,635
291,635
611,635
836,635
74,636
151,636
252,636
258,636
576,636
736,636
1,638
330,638
439,638
601,638
610,638
633,638
710,638
733,638
830,638
848,638
249,639
580,639
714,643
864,646
19,650
52,650
116,650
123,650
199,650
201,650
210,650
213,650
294,650
320,650
352,650
387,650
404,650
429,650
462,650
577,650
603,650
606,650
653,650
715,650
735,650
762,650
774,650
836,650
848,650
937,650
122,651
170,651
243,651
503,651
830,651
848,651
912,651
44,653
52,653
117,653
387,653
404,653
562,653
884,653
912,653
601,654
610,654
633,654
797,654
885,654
122,664
333,664
759,664
967,664
52,669
252,669
462,669
703,669
748,669
856,669
333,670
503,674
203,677
213,677
387,677
580,677
640,677
807,677
836,677
848,677
55,678
60,678
117,678
121,678
122,678
215,678
387,678
432,678
441,678
455,678
500,678
593,678
603,678
780,678
821,678
848,678
868,678
8,680
333,680
378,680
333,681
19,687
151,687
215,687
248,687
289,687
291,687
386,687
387,687
759,687
774,687
819,687
833,687
836,687
848,687
898,687
925,687
967,687
610,690
714,690
975,690
31,693
141,693
199,693
213,693
248,693
253,693
289,693
378,693
387,693
404,693
455,693
463,693
514,693
576,693
577,693
588,693
714,693
762,693
819,693
839,693
848,693
967,693
199,694
387,694
774,694
898,694
430,695
122,697
174,697
210,697
243,697
392,697
418,697
439,697
503,697
576,697
610,697
721,697
122,699
333,699
759,699
848,702
885,702
52,703
252,703
292,703
340,703
665,703
767,703
901,703
671,705
714,705
848,705
970,705
243,714
343,714
388,714
472,714
503,714
604,714
610,714
742,714
830,714
912,714
99,717
116,717
122,717
210,717
215,717
252,717
387,717
462,717
467,717
577,717
593,717
626,717
628,717
774,717
907,717
759,722
122,725
472,725
474,725
503,725
610,725
879,725
923,725
74,727
174,727
576,727
848,727
116,728
314,728
387,728
404,728
762,728
836,728
848,728
72,729
462,729
767,729
52,734
193,734
387,734
748,734
780,734
848,734
868,734
287,737
462,737
513,737
576,737
349,743
417,743
534,743
95,747
121,747
170,747
210,747
243,747
273,747
418,747
455,747
472,747
503,747
848,747
879,747
31,748
191,748
193,748
213,748
236,748
378,748
387,748
441,748
455,748
734,748
912,748
277,750
284,750
55,755
132,755
170,755
347,755
418,755
423,755
503,755
610,755
848,755
897,755
52,758
287,758
901,758
8,762
19,762
31,762
52,762
71,762
126,762
210,762
282,762
291,762
329,762
333,762
387,762
389,762
647,762
649,762
759,762
800,762
833,762
836,762
848,762
135,764
333,764
468,764
814,764
826,764
967,764
116,774
199,774
213,774
418,774
577,774
636,774
715,774
735,774
848,774
998,774
52,775
60,775
52,780
199,780
387,780
418,780
121,783
170,783
210,783
243,783
441,783
503,783
576,783
879,783
995,783
121,784
341,784
967,784
155,785
170,785
243,785
378,785
387,785
452,785
455,785
472,785
503,785
610,785
714,785
830,785
848,785
923,785
948,786
109,787
243,787
378,787
814,787
836,787
848,787
74,788
439,788
576,788
848,788
318,793
347,793
452,793
455,793
714,793
892,793
340,797
350,797
633,797
830,797
848,797
601,798
610,798
633,798
710,798
817,798
885,798
891,798
19,800
135,800
291,800
333,800
370,800
670,800
762,800
868,800
967,800
31,807
55,807
90,807
116,807
122,807
175,807
210,807
213,807
243,807
291,807
336,807
347,807
378,807
387,807
404,807
418,807
432,807
455,807
472,807
662,807
734,807
748,807
774,807
810,807
836,807
848,807
891,807
998,807
13,810
31,810
55,810
662,810
748,810
848,810
898,810
252,814
386,814
621,814
52,820
74,820
576,820
122,823
132,823
241,823
243,823
298,823
388,823
604,823
734,823
39,824
136,824
282,824
595,824
612,824
710,824
8,825
282,825
333,825
428,825
493,825
762,825
8,833
126,833
333,833
576,833
814,833
937,833
116,834
121,834
291,834
356,834
430,834
599,834
19,836
52,836
60,836
155,836
291,836
333,836
387,836
441,836
576,836
621,836
660,836
735,836
814,836
848,836
503,842
610,842
742,842
848,842
562,845
868,845
1,848
91,848
95,848
122,848
151,848
161,848
236,848
243,848
287,848
330,848
441,848
496,848
503,848
714,848
830,848
879,848
912,848
923,848
981,848
74,849
142,849
27,853
43,853
64,853
122,853
243,853
268,853
289,853
301,853
324,853
407,853
461,853
503,853
610,853
714,853
767,853
789,853
796,853
830,853
879,853
912,853
922,853
923,853
74,859
503,859
773,859
885,859
121,860
333,860
341,860
462,860
759,860
967,860
430,862
774,862
121,868
225,868
430,868
539,868
611,868
967,868
31,875
748,875
5,879
55,879
122,879
183,879
241,879
268,879
363,879
441,879
461,879
503,879
576,879
848,879
912,879
472,881
970,881
8,882
19,882
206,882
291,882
387,882
566,882
603,882
735,882
762,882
967,882
243,884
430,884
1,885
284,885
340,885
665,885
848,885
901,885
39,889
221,889
282,889
462,889
595,889
704,889
33,893
91,893
170,893
610,893
5,898
243,898
347,898
452,898
503,898
610,898
725,898
767,898
830,898
848,898
879,898
151,901
252,901
703,901
848,901
885,901
333,910
341,910
710,910
735,910
852,910
868,910
967,910
999,910
170,912
287,912
302,912
441,912
472,912
503,912
714,912
848,912
879,912
923,912
610,913
273,921
426,921
439,921
5,922
97,922
122,922
151,922
170,922
503,922
610,922
848,922
879,922
981,922
243,923
378,923
409,923
418,923
472,923
503,923
564,923
568,923
576,923
610,923
688,923
714,923
721,923
742,923
830,923
848,923
879,923
454,928
867,928
6,937
116,937
122,937
213,937
252,937
289,937
291,937
333,937
342,937
352,937
378,937
383,937
387,937
462,937
695,937
833,937
836,937
249,941
439,941
467,941
612,941
767,941
95,942
161,942
350,942
441,942
472,942
714,942
830,942
847,942
52,947
430,947
673,947
221,952
249,952
743,952
112,958
441,958
847,958
1,961
91,961
123,961
527,961
601,961
633,961
706,961
830,961
848,961
737,963
102,964
249,964
252,964
417,964
1,970
52,970
55,970
58,970
91,970
121,970
132,970
137,970
243,970
252,970
298,970
388,970
462,970
472,970
500,970
503,970
610,970
636,970
723,970
793,970
814,970
830,970
986,970
8,979
48,979
50,979
121,979
170,979
420,979
735,979
868,979
714,980
91,986
122,986
243,986
503,986
791,986
814,986
5,990
18,990
52,990
151,990
170,990
210,990
243,990
268,990
418,990
430,990
452,990
472,990
488,990
503,990
582,990
734,990
767,990
790,990
814,990
830,990
848,990
879,990
986,990
714,991
151,994
249,994
252,994
310,994
580,994
249,996
704,996
